1693823310
2899338888
1324424400
7293740215
1348056161
1086868382
4488303849
2051969082
2206089127
5092801562
7846593406
2219273992
2899338888
3459512717
3812885877
8958176873
3663203854
8079525477
2751870223
4575355250
7293740215
4677863378
5294182281
157151
1324424400
522319
2700960447
2553840307
2623765972
7106835619
684155222
1156804881
1990915246
7999009952
3000992760
1454259678
1136701998
1033323
4305349227
1921639531
4706971517
5834203904
7924813624
4412177295
2627873504
5294182281
5136360422
9251164579
5345140493
2796660286
1111988378
5788847613
1923659078
5224317532
1651313494
7064207929
5379634121
3812885877
9251164579
2815154822
8682438191
7404802184
1693823310
1510348891
8146400186
7954865456
1510348891
3657689834
8642811210
1990915246
7210491301
7924813624
3628371832
7847999917
9591633576
3000992760
4610826128
3699856514
5224317532
9591633576
7999009952
2219273992
1313605250
8613595019
